0
0.06279052
0.125333234
0.187381315
0.248689887
0.309016994
0.368124553
0.425779292
0.481753674
0.535826795
0.587785252
0.63742399
0.684547106
0.728968627
0.770513243
0.809016994
0.844327926
0.87630668
0.904827052
0.929776486
0.951056516
0.968583161
0.982287251
0.992114701
0.998026728
1
0.998026728
0.992114701
0.982287251
0.968583161
0.951056516
0.929776486
0.904827052
0.87630668
0.844327926
0.809016994
0.770513243
0.728968627
0.684547106
0.63742399
0.587785252
0.535826795
0.481753674
0.425779292
0.368124553
0.309016994
0.248689887
0.187381315
0.125333234
0.06279052
