0
0.000986636
0.003942649
0.008856375
0.015708419
0.024471742
0.035111757
0.047586474
0.06184666
0.077836037
0.095491503
0.114743379
0.135515686
0.157726447
0.181288005
0.206107374
0.232086603
0.259123163
0.287110354
0.315937724
0.345491503
0.375655056
0.406309343
0.437333383
0.46860474
0.5
0.53139526
0.562666617
0.593690657
0.624344944
0.654508497
0.684062276
0.712889646
0.740876837
0.767913397
0.793892626
0.818711995
0.842273553
0.864484314
0.885256621
0.904508497
0.922163963
0.93815334
0.952413526
0.964888243
0.975528258
0.984291581
0.991143625
0.996057351
0.999013364
1
0.999013364
0.996057351
0.991143625
0.984291581
0.975528258
0.964888243
0.952413526
0.93815334
0.922163963
0.904508497
0.885256621
0.864484314
0.842273553
0.818711995
0.793892626
0.767913397
0.740876837
0.712889646
0.684062276
0.654508497
0.624344944
0.593690657
0.562666617
0.53139526
0.5
0.46860474
0.437333383
0.406309343
0.375655056
0.345491503
0.315937724
0.287110354
0.259123163
0.232086603
0.206107374
0.181288005
0.157726447
0.135515686
0.114743379
0.095491503
0.077836037
0.06184666
0.047586474
0.035111757
0.024471742
0.015708419
0.008856375
0.003942649
0.000986636
